    66
     1   -0.354771    0.614482    0.000000       0.008264
     2   -0.283817    0.491586    0.000000       0.008264
     3   -0.212863    0.368689    0.000000       0.008264
     4   -0.141909    0.245793    0.000000       0.008264
     5   -0.070954    0.122896    0.000000       0.008264
     6    0.000000    0.000000    0.000000       0.008264
     7    0.070954   -0.122896    0.000000       0.008264
     8    0.141909   -0.245793    0.000000       0.008264
     9    0.212863   -0.368689    0.000000       0.008264
    10    0.283817   -0.491586    0.000000       0.008264
    11    0.354771   -0.614482    0.000000       0.008264
    12   -0.283817    0.737379    0.000000       0.016529
    13   -0.212863    0.614482    0.000000       0.016529
    14   -0.141909    0.491586    0.000000       0.016529
    15   -0.070954    0.368689    0.000000       0.016529
    16    0.000000    0.245793    0.000000       0.016529
    17    0.070954    0.122896    0.000000       0.016529
    18    0.141909    0.000000    0.000000       0.016529
    19    0.212863   -0.122896    0.000000       0.016529
    20    0.283817   -0.245793    0.000000       0.016529
    21    0.354771   -0.368689    0.000000       0.016529
    22    0.425726   -0.491586    0.000000       0.016529
    23   -0.212863    0.860275    0.000000       0.016529
    24   -0.141909    0.737379    0.000000       0.016529
    25   -0.070954    0.614482    0.000000       0.016529
    26    0.000000    0.491586    0.000000       0.016529
    27    0.070954    0.368689    0.000000       0.016529
    28    0.141909    0.245793    0.000000       0.016529
    29    0.212863    0.122896    0.000000       0.016529
    30    0.283817    0.000000    0.000000       0.016529
    31    0.354771   -0.122896    0.000000       0.016529
    32    0.425726   -0.245793    0.000000       0.016529
    33    0.496680   -0.368689    0.000000       0.016529
    34   -0.141909    0.983172    0.000000       0.016529
    35   -0.070954    0.860275    0.000000       0.016529
    36    0.000000    0.737379    0.000000       0.016529
    37    0.070954    0.614482    0.000000       0.016529
    38    0.141909    0.491586    0.000000       0.016529
    39    0.212863    0.368689    0.000000       0.016529
    40    0.283817    0.245793    0.000000       0.016529
    41    0.354771    0.122896    0.000000       0.016529
    42    0.425726    0.000000    0.000000       0.016529
    43    0.496680   -0.122896    0.000000       0.016529
    44    0.567634   -0.245793    0.000000       0.016529
    45   -0.070954    1.106068    0.000000       0.016529
    46    0.000000    0.983172    0.000000       0.016529
    47    0.070954    0.860275    0.000000       0.016529
    48    0.141909    0.737379    0.000000       0.016529
    49    0.212863    0.614482    0.000000       0.016529
    50    0.283817    0.491586    0.000000       0.016529
    51    0.354771    0.368689    0.000000       0.016529
    52    0.425726    0.245793    0.000000       0.016529
    53    0.496680    0.122896    0.000000       0.016529
    54    0.567634    0.000000    0.000000       0.016529
    55    0.638589   -0.122896    0.000000       0.016529
    56    0.000000    1.228965    0.000000       0.016529
    57    0.070954    1.106068    0.000000       0.016529
    58    0.141909    0.983172    0.000000       0.016529
    59    0.212863    0.860275    0.000000       0.016529
    60    0.283817    0.737379    0.000000       0.016529
    61    0.354771    0.614482    0.000000       0.016529
    62    0.425726    0.491586    0.000000       0.016529
    63    0.496680    0.368689    0.000000       0.016529
    64    0.567634    0.245793    0.000000       0.016529
    65    0.638589    0.122896    0.000000       0.016529
    66    0.709543    0.000000    0.000000       0.016529
