                -79.0873169930
          0.000000087      -0.000000000       0.000000000
         -0.000000000       0.000000117      -0.000000000
          0.000000000      -0.000000000      -0.000000018
          12
  1     6      -0.000151426       0.000057267      -0.000003441  C
  2     1      -0.000062399      -0.000081075      -0.000002109  H
  1     6       0.000000000      -0.000131155      -0.000002541  C
  2     1       0.000000000      -0.000095529       0.000013680  H
  1     6       0.000151426       0.000057267      -0.000003441  C
  2     1       0.000062399      -0.000081075      -0.000002109  H
  1     6       0.000151426      -0.000057267      -0.000003441  C
  2     1       0.000062399       0.000081075      -0.000002109  H
  1     6      -0.000000000       0.000131155      -0.000002541  C
  2     1      -0.000000000       0.000095529       0.000013680  H
  1     6      -0.000151426      -0.000057267      -0.000003441  C
  2     1      -0.000062399       0.000081075      -0.000002109  H
